0.294417 0.000646087
0.333566 0.00307591
0.703307 0.00153566
0.703307 0.00153566
0.823047 0.00315775
0.141565 0.00639497
0.373196 0.00639115
0.427437 0.00677627
0.595095 0.00531879
0.595095 0.00531879
0.86957 0.00586485
0.907076 0.00523239
0.907076 0.00523239
0.907076 0.00523239
0.191809 0.00562051
0.191809 0.00562051
0.335164 0.00973991
0.335164 0.00973991
0.703255 0.00730316
0.703255 0.00730316
0.678905 0.00984364
0.678905 0.00984364
0.769887 0.0106386
0.769887 0.0106386
0.86999 0.0107446
0.86999 0.0107446
0.86999 0.0107446
0.474572 0.0125393
0.474572 0.0125393
0.644816 0.0134936
0.644816 0.0134936
0.868754 0.0173006
0.868754 0.0173006
0.933739 0.0154737
0.933739 0.0154737
0.0925339 0.0190508
0.0925339 0.0190508
0.142517 0.0152525
0.741857 0.0175643
0.741857 0.0175643
0.741857 0.0175643
0.294151 0.0186588
0.520947 0.0208591
0.520947 0.0208591
0.520947 0.0208591
0.261234 0.0201672
0.261234 0.0201672
0.596777 0.0233773
0.596777 0.0233773
0.739958 0.0227228
0.294869 0.0225941
0.47399 0.0264538
0.47399 0.0264538
0.47399 0.0264538
0.701645 0.0279539
0.701645 0.0279539
0.907122 0.0244726
0.907122 0.0244726
0.907122 0.0244726
0.0419908 0.0275903
0.0419908 0.0275903
0.294068 0.0252606
0.334007 0.0273922
0.334007 0.0273922
0.934758 0.0250667
0.934758 0.0250667
0.562029 0.0305771
0.562029 0.0305771
0.769791 0.0281283
0.769791 0.0281283
0.192224 0.0325468
0.192224 0.0325468
0.40148 0.0332249
0.40148 0.0332249
0.934339 0.0345487
0.934339 0.0345487
0.934339 0.0345487
0.142151 0.0351045
0.142151 0.0351045
0.142151 0.0351045
0.142151 0.0351045
0.373891 0.0367569
0.373891 0.0367569
0.427316 0.0380693
0.678684 0.0351634
0.678684 0.0351634
0.678684 0.0351634
0.824282 0.0338335
0.824282 0.0338335
0.96735 0.0343
0.96735 0.0343
0.96735 0.0343
0.239631 0.0399789
0.239631 0.0399789
0.293904 0.0369158
0.293904 0.0369158
0.293904 0.0369158
0.294885 0.0401318
0.294885 0.0401318
0.374667 0.0421837
0.374667 0.0421837
0.933008 0.0411687
0.966492 0.0400343
0.966492 0.0400343
0.333487 0.0441752
0.333487 0.0441752
0.333487 0.0441752
0.473648 0.0437182
0.473648 0.0437182
0.521509 0.0431723
0.521509 0.0431723
0.521509 0.0431723
0.742045 0.0425258
0.742045 0.0425258
0.702544 0.0459919
0.702544 0.0459919
0.141853 0.0457312
0.141853 0.0457312
0.358403 0.0478389
0.358403 0.0478389
0.358403 0.0478389
0.358403 0.0478389
0.595581 0.0452917
0.595581 0.0452917
0.740862 0.0454468
0.429028 0.0516418
0.429028 0.0516418
0.429028 0.0516418
0.679617 0.0491201
0.703299 0.0492357
0.703299 0.0492357
0.906415 0.0485698
0.906415 0.0485698
0.143288 0.0511312
0.143288 0.0511312
0.771701 0.0530024
0.771701 0.0530024
0.771701 0.0530024
0.823848 0.050753
0.823848 0.050753
0.140672 0.0574031
0.140672 0.0574031
0.140672 0.0574031
0.140672 0.0574031
0.140672 0.0574031
0.240664 0.0538294
0.240664 0.0538294
0.240664 0.0538294
0.67968 0.0561184
0.67968 0.0561184
0.824086 0.053465
0.359926 0.0559466
0.333681 0.0609784
0.333681 0.0609784
0.907142 0.0591053
0.191776 0.0602981
0.191776 0.0602981
0.429274 0.0621553
0.429274 0.0621553
0.429274 0.0621553
0.583902 0.0603153
0.742238 0.0625803
0.742238 0.0625803
0.742238 0.0625803
0.496985 0.0634957
0.496985 0.0634957
0.619984 0.0675503
0.619984 0.0675503
0.869485 0.0672439
0.869485 0.0672439
0.933913 0.0659122
0.933913 0.0659122
0.0433878 0.065441
0.0433878 0.065441
0.703199 0.0679699
0.703199 0.0679699
0.703199 0.0679699
0.703199 0.0679699
0.260893 0.0707961
0.394545 0.0732888
0.394545 0.0732888
0.822184 0.0722515
0.822184 0.0722515
0.141785 0.0732286
0.141785 0.0732286
0.191129 0.0727204
0.191129 0.0727204
0.620192 0.074369
0.620192 0.074369
0.703134 0.0725191
0.703134 0.0725191
0.703134 0.0725191
0.973956 0.075508
0.973956 0.075508
0.219881 0.0762586
0.219881 0.0762586
0.521354 0.0756149
0.521354 0.0756149
0.739132 0.0750247
0.739132 0.0750247
0.0420828 0.0791032
0.0420828 0.0791032
0.142114 0.0771903
0.769763 0.0793109
0.907434 0.0778988
0.191745 0.0798879
0.191745 0.0798879
0.191745 0.0798879
0.301129 0.0816776
0.301129 0.0816776
0.521816 0.0783497
0.521816 0.0783497
0.703748 0.0783309
0.703748 0.0783309
0.333497 0.0833914
0.333497 0.0833914
0.471966 0.0805987
0.471966 0.0805987
0.620616 0.0818773
0.620616 0.0818773
0.676207 0.0825439
0.676207 0.0825439
0.676207 0.0825439
0.73908 0.0818439
0.73908 0.0818439
0.870317 0.0826919
0.870317 0.0826919
0.870317 0.0826919
0.870317 0.0826919
0.934238 0.0843761
0.934238 0.0843761
0.934238 0.0843761
0.220611 0.0849008
0.260504 0.0851461
0.260504 0.0851461
0.359625 0.0859679
0.359625 0.0859679
0.334211 0.0899239
0.334211 0.0899239
0.334211 0.0899239
0.644584 0.0879265
0.703786 0.0871594
0.703786 0.0871594
0.703786 0.0871594
0.770367 0.0893454
0.770367 0.0893454
0.770367 0.0893454
0.973234 0.088578
0.219273 0.0915063
0.219273 0.0915063
0.620976 0.0880293
0.620976 0.0880293
0.702748 0.0918804
0.702748 0.0918804
0.0919082 0.0928808
0.0919082 0.0928808
0.675589 0.0944627
0.675589 0.0944627
0.822228 0.0914825
0.822228 0.0914825
0.0432063 0.0953715
0.0432063 0.0953715
0.300411 0.0966601
0.300411 0.0966601
0.300411 0.0966601
0.429464 0.0940804
0.429464 0.0940804
0.429464 0.0940804
0.521846 0.0941873
0.521846 0.0941873
0.521846 0.0941873
0.61328 0.0954062
0.61328 0.0954062
0.61328 0.0954062
0.472058 0.0972768
0.472058 0.0972768
0.472058 0.0972768
0.703597 0.0976689
0.703597 0.0976689
0.614419 0.0990924
0.614419 0.0990924
0.974907 0.10052
0.974907 0.10052
0.142527 0.102398
0.191558 0.101067
0.191558 0.101067
0.220932 0.101902
0.220932 0.101902
0.56157 0.101131
0.56157 0.101131
0.56157 0.101131
0.520256 0.106846
0.520256 0.106846
0.0916898 0.10722
0.0916898 0.10722
0.0916898 0.10722
0.701726 0.107198
0.701726 0.107198
0.519836 0.111777
0.519836 0.111777
0.73854 0.112304
0.73854 0.112304
0.933998 0.111425
0.933998 0.111425
0.933998 0.111425
0.933998 0.111425
0.933998 0.111425
0.0410208 0.114922
0.0410208 0.114922
0.302037 0.116041
0.302037 0.116041
0.86915 0.112713
0.86915 0.112713
0.89458 0.113706
0.21933 0.120486
0.452407 0.120633
0.452407 0.120633
0.452407 0.120633
0.611755 0.119189
0.611755 0.119189
0.611755 0.119189
0.67684 0.117182
0.67684 0.117182
0.90167 0.117115
0.90167 0.117115
0.0909755 0.118907
0.190051 0.12111
0.643529 0.120617
0.643529 0.120617
0.703496 0.119758
0.703496 0.119758
0.129445 0.125348
0.129445 0.125348
0.129445 0.125348
0.42083 0.123337
0.646058 0.127267
0.646058 0.127267
0.646058 0.127267
0.129446 0.129094
0.366387 0.125402
0.366387 0.125402
0.45276 0.126799
0.45276 0.126799
0.45276 0.126799
0.521459 0.127439
0.521459 0.127439
0.966985 0.129008
0.966985 0.129008
0.22162 0.129767
0.22162 0.129767
0.22162 0.129767
0.365931 0.1307
0.365931 0.1307
0.700266 0.131778
0.700266 0.131778
0.700266 0.131778
0.335213 0.131077
0.335213 0.131077
0.335213 0.131077
0.420889 0.132673
0.420889 0.132673
0.645954 0.132513
0.645954 0.132513
0.645954 0.132513
0.041172 0.136354
0.041172 0.136354
0.334608 0.137773
0.334608 0.137773
0.334608 0.137773
0.334608 0.137773
0.823669 0.134503
0.823669 0.134503
0.900801 0.134993
0.0916815 0.136792
0.190252 0.13822
0.190252 0.13822
0.190252 0.13822
0.261278 0.138864
0.276955 0.138761
0.276955 0.138761
0.276955 0.138761
0.276955 0.138761
0.595392 0.138287
0.595392 0.138287
0.595392 0.138287
0.746296 0.135662
0.746296 0.135662
0.965861 0.139553
0.0910167 0.14164
0.0910167 0.14164
0.0910167 0.14164
0.0910167 0.14164
0.0910167 0.14164
0.207075 0.138447
0.207075 0.138447
0.393779 0.137612
0.393779 0.137612
0.713072 0.141266
0.713072 0.141266
0.713072 0.141266
0.869468 0.139519
0.869468 0.139519
0.936057 0.13891
0.936057 0.13891
0.452855 0.143754
0.452855 0.143754
0.452855 0.143754
0.747079 0.143073
0.747079 0.143073
0.392416 0.146294
0.392416 0.146294
0.392416 0.146294
0.823666 0.143166
0.823666 0.143166
0.93628 0.146876
0.93628 0.146876
0.93628 0.146876
0.366977 0.145627
0.366977 0.145627
0.452664 0.146347
0.452664 0.146347
0.746723 0.147539
0.746723 0.147539
0.118064 0.150842
0.118064 0.150842
0.157887 0.14995
0.157887 0.14995
0.157887 0.14995
0.303158 0.151813
0.303158 0.151813
0.277538 0.152885
0.277538 0.152885
0.277538 0.152885
0.333946 0.152687
0.333946 0.152687
0.823598 0.153
0.823598 0.153
0.0911389 0.154865
0.0911389 0.154865
0.0911389 0.154865
0.682444 0.157262
0.682444 0.157262
0.682444 0.157262
0.682444 0.157262
0.968663 0.160584
0.968663 0.160584
0.968663 0.160584
0.968663 0.160584
0.680842 0.159872
0.421838 0.16369
0.421838 0.16369
0.117182 0.164319
0.559687 0.163708
0.559687 0.163708
0.681618 0.165299
0.681618 0.165299
0.821495 0.16261
0.935148 0.166298
0.935148 0.166298
0.977787 0.166263
0.977787 0.166263
0.977787 0.166263
0.712672 0.167525
0.712672 0.167525
0.712672 0.167525
0.712672 0.167525
0.712575 0.17161
0.712575 0.17161
0.712575 0.17161
0.745739 0.170996
0.745739 0.170996
0.117863 0.171346
0.117863 0.171346
0.277439 0.172397
0.277439 0.172397
0.97678 0.173972
0.97678 0.173972
0.368231 0.176487
0.368231 0.176487
0.421734 0.173574
0.421734 0.173574
0.908747 0.174817
0.908747 0.174817
0.908747 0.174817
0.189976 0.180094
0.189976 0.180094
0.419927 0.178657
0.419927 0.178657
0.746184 0.176245
0.746184 0.176245
0.770545 0.178965
0.770545 0.178965
0.770545 0.178965
0.134711 0.183358
0.134711 0.183358
0.158168 0.179984
0.27581 0.182594
0.27581 0.182594
0.368477 0.179026
0.368477 0.179026
0.681624 0.180444
0.681624 0.180444
0.421097 0.182438
0.421097 0.182438
0.646899 0.184267
0.646899 0.184267
0.869487 0.184193
0.976473 0.187111
0.467855 0.188951
0.467855 0.188951
0.467855 0.188951
0.467855 0.188951
0.746441 0.185218
0.746441 0.185218
0.90882 0.188341
0.90882 0.188341
0.90882 0.188341
0.90882 0.188341
0.90882 0.188341
0.0348029 0.190622
0.0348029 0.190622
0.0348029 0.190622
0.12598 0.191643
0.12598 0.191643
0.368255 0.190627
0.368255 0.190627
0.368255 0.190627
0.368255 0.190627
0.469808 0.191025
0.469808 0.191025
0.469808 0.191025
0.56347 0.19153
0.56347 0.19153
0.868828 0.191624
0.868828 0.191624
0.712441 0.194314
0.712441 0.194314
0.746991 0.192168
0.746991 0.192168
0.746991 0.192168
0.770618 0.195002
0.770618 0.195002
0.869718 0.196931
0.869718 0.196931
0.869718 0.196931
0.869718 0.196931
0.909285 0.196033
0.909285 0.196033
0.909285 0.196033
0.909285 0.196033
0.400638 0.195742
0.71235 0.199716
0.71235 0.199716
0.71235 0.199716
0.977659 0.197563
0.190759 0.198311
0.190759 0.198311
0.303002 0.200253
0.303002 0.200253
0.865934 0.198785
0.519962 0.203178
0.519962 0.203178
0.303244 0.203205
0.468935 0.205032
0.468935 0.205032
0.680527 0.207681
0.680527 0.207681
0.680527 0.207681
0.419796 0.209107
0.419796 0.209107
0.564031 0.20783
0.734929 0.2061
0.0344241 0.210622
0.0344241 0.210622
0.276979 0.210565
0.276979 0.210565
0.276979 0.210565
0.401528 0.209134
0.401528 0.209134
0.595817 0.208453
0.595817 0.208453
0.564379 0.212807
0.564379 0.212807
0.869839 0.212951
0.869839 0.212951
0.234508 0.216556
0.234508 0.216556
0.5219 0.214305
0.5219 0.214305
0.5219 0.214305
0.735206 0.213648
0.735206 0.213648
0.417305 0.219387
0.417305 0.219387
0.646127 0.218118
0.646127 0.218118
0.681411 0.21875
0.681411 0.21875
0.681411 0.21875
0.821509 0.218691
0.821509 0.218691
0.976659 0.218657
0.976659 0.218657
0.0335456 0.22208
0.0335456 0.22208
0.0544416 0.217647
0.0544416 0.217647
0.192111 0.22041
0.192111 0.22041
0.192111 0.22041
0.594181 0.219376
0.0786771 0.22605
0.0786771 0.22605
0.0786771 0.22605
0.439283 0.220717
0.491655 0.222747
0.491655 0.222747
0.491655 0.222747
0.59483 0.223253
0.59483 0.223253
0.735574 0.221841
0.735574 0.221841
0.157943 0.224453
0.157943 0.224453
0.157943 0.224453
0.23389 0.227027
0.23389 0.227027
0.23389 0.227027
0.565296 0.226931
0.909075 0.230091
0.909075 0.230091
0.935891 0.228153
0.935891 0.228153
0.126832 0.232143
0.126832 0.232143
0.126832 0.232143
0.190841 0.233954
0.190841 0.233954
0.190841 0.233954
0.260533 0.231488
0.537318 0.231647
0.823158 0.23396
0.823158 0.23396
0.90293 0.233303
0.90293 0.233303
0.90293 0.233303
0.034716 0.236843
0.322265 0.234586
0.322265 0.234586
0.354927 0.236264
0.354927 0.236264
0.466049 0.234624
0.466049 0.234624
0.734565 0.237074
0.734565 0.237074
0.734565 0.237074
0.938332 0.235685
0.0799401 0.235192
0.235332 0.235304
0.409357 0.236967
0.409357 0.236967
0.52213 0.236233
0.971036 0.24226
0.971036 0.24226
0.971036 0.24226
0.594144 0.24476
0.594144 0.24476
0.594144 0.24476
0.0343945 0.245424
0.0343945 0.245424
0.0789854 0.24483
0.234823 0.247101
0.234823 0.247101
0.234823 0.247101
0.234823 0.247101
0.322864 0.246807
0.322864 0.246807
0.322864 0.246807
0.385272 0.244542
0.385272 0.244542
0.771972 0.243832
0.771972 0.243832
0.817025 0.247614
0.521997 0.247847
0.521997 0.247847
0.858571 0.247418
0.939298 0.247202
0.939298 0.247202
0.466059 0.249271
0.594352 0.251579
0.594352 0.251579
0.681889 0.250316
0.681889 0.250316
0.906426 0.251202
0.906426 0.251202
0.296676 0.25325
0.296676 0.25325
0.378387 0.253373
0.378387 0.253373
0.378387 0.253373
0.436839 0.254111
0.436839 0.254111
0.712999 0.25344
0.712999 0.25344
0.859854 0.252557
0.904854 0.255701
0.904854 0.255701
0.355508 0.257443
0.355508 0.257443
0.355508 0.257443
0.735116 0.259254
0.735116 0.259254
0.735517 0.262929
0.735517 0.262929
0.818719 0.260613
0.858692 0.263667
0.858692 0.263667
0.940021 0.263456
0.940021 0.263456
0.940021 0.263456
0.127379 0.266224
0.127379 0.266224
0.355987 0.265968
0.355987 0.265968
0.355987 0.265968
0.355987 0.265968
0.381263 0.264175
0.491486 0.265914
0.491486 0.265914
0.680387 0.266308
0.680387 0.266308
0.73392 0.265646
0.73392 0.265646
0.0351888 0.268892
0.0351888 0.268892
0.0351888 0.268892
0.079935 0.26528
0.079935 0.26528
0.079935 0.26528
0.323306 0.266566
0.323306 0.266566
0.190981 0.269726
0.190981 0.269726
0.321543 0.271485
0.491942 0.270904
0.491942 0.270904
0.491942 0.270904
0.712025 0.27027
0.712025 0.27027
0.939074 0.269623
0.126893 0.270085
0.609693 0.274918
0.609693 0.274918
0.642867 0.274896
0.642867 0.274896
0.642867 0.274896
0.905822 0.273518
0.905822 0.273518
0.0346213 0.276115
0.0346213 0.276115
0.0792955 0.27413
0.0792955 0.27413
0.127404 0.27376
0.127404 0.27376
0.235559 0.274819
0.235559 0.274819
0.235559 0.274819
0.408312 0.2726
0.443865 0.278152
0.443865 0.278152
0.443865 0.278152
0.690497 0.275233
0.690497 0.275233
0.859334 0.275293
0.859334 0.275293
0.859334 0.275293
0.353622 0.279716
0.353622 0.279716
0.406433 0.278954
0.493517 0.276871
0.493517 0.276871
0.493517 0.276871
0.546798 0.278174
0.546798 0.278174
0.689213 0.280027
0.938448 0.275787
0.429922 0.278184
0.609726 0.278828
0.609726 0.278828
0.72398 0.282225
0.72398 0.282225
0.938616 0.280656
0.938616 0.280656
0.938616 0.280656
0.191344 0.280312
0.465809 0.283233
0.465809 0.283233
0.60927 0.283537
0.60927 0.283537
0.159757 0.286748
0.159757 0.286748
0.159757 0.286748
0.322829 0.287589
0.322829 0.287589
0.322829 0.287589
0.354419 0.287418
0.354419 0.287418
0.354419 0.287418
0.354419 0.287418
0.398962 0.286883
0.398962 0.286883
0.491527 0.283977
0.491527 0.283977
0.608589 0.286302
0.608589 0.286302
0.906239 0.283629
0.906239 0.283629
0.217547 0.288852
0.217547 0.288852
0.217547 0.288852
0.299168 0.288756
0.299168 0.288756
0.299168 0.288756
0.299168 0.288756
0.434283 0.292084
0.54786 0.290414
0.54786 0.290414
0.54786 0.290414
0.691129 0.28956
0.691129 0.28956
0.691129 0.28956
0.723564 0.293395
0.723564 0.293395
0.938179 0.291657
0.938179 0.291657
0.0786611 0.295525
0.0786611 0.295525
0.465128 0.296898
0.548171 0.293054
0.548171 0.293054
0.354602 0.299129
0.354602 0.299129
0.860289 0.296696
0.860289 0.296696
0.860289 0.296696
0.191856 0.298748
0.191856 0.298748
0.191856 0.298748
0.260845 0.300002
0.260845 0.300002
0.217671 0.302281
0.217671 0.302281
0.398774 0.302993
0.398774 0.302993
0.548708 0.304223
0.548708 0.304223
0.548708 0.304223
0.574803 0.30457
0.574803 0.30457
0.690331 0.304299
0.690331 0.304299
0.690331 0.304299
0.770835 0.303717
0.770835 0.303717
0.262775 0.307462
0.262775 0.307462
0.32578 0.306093
0.32578 0.306093
0.547523 0.308047
0.547523 0.308047
0.0795334 0.312231
0.0795334 0.312231
0.0795334 0.312231
0.19179 0.309138
0.19179 0.309138
0.19179 0.309138
0.399742 0.308629
0.817775 0.309789
0.817775 0.309789
0.817775 0.309789
0.883912 0.310514
0.906781 0.310617
0.906781 0.310617
0.906781 0.310617
0.906781 0.310617
0.970882 0.312883
0.970882 0.312883
0.970882 0.312883
0.64364 0.313788
0.72512 0.311796
0.72512 0.311796
0.81003 0.311967
0.81003 0.311967
0.81003 0.311967
0.0798309 0.316017
0.0798309 0.316017
0.521798 0.313339
0.521798 0.313339
0.521798 0.313339
0.5408 0.313826
0.753368 0.312933
0.0790739 0.32045
0.0790739 0.32045
0.0790739 0.32045
0.690139 0.316505
0.690139 0.316505
0.939849 0.317624
0.939849 0.317624
0.328106 0.32099
0.328106 0.32099
0.355099 0.321861
0.355099 0.321861
0.607931 0.320584
0.607931 0.320584
0.907008 0.318311
0.907008 0.318311
0.970539 0.318777
0.192252 0.323175
0.192252 0.323175
0.192252 0.323175
0.809577 0.323584
0.809577 0.323584
0.0795254 0.326715
0.0795254 0.326715
0.0795254 0.326715
0.356022 0.327068
0.356022 0.327068
0.549912 0.324206
0.549912 0.324206
0.608579 0.32334
0.0349947 0.326637
0.427408 0.326417
0.451425 0.32504
0.643852 0.325181
0.130673 0.33109
0.130673 0.33109
0.130673 0.33109
0.327709 0.331739
0.458706 0.328732
0.458706 0.328732
0.520941 0.333538
0.520941 0.333538
0.520941 0.333538
0.549769 0.329243
0.690751 0.330973
0.690751 0.330973
0.0798204 0.334936
0.0798204 0.334936
0.0798204 0.334936
0.491072 0.330129
0.491072 0.330129
0.724412 0.333673
0.724412 0.333673
0.80958 0.331521
0.80958 0.331521
0.129201 0.334129
0.129201 0.334129
0.575858 0.337149
0.575858 0.337149
0.610519 0.33516
0.810223 0.336356
0.810223 0.336356
0.884337 0.337082
0.884337 0.337082
0.905366 0.336957
0.905366 0.336957
0.905366 0.336957
0.0341205 0.335212
0.522111 0.335754
0.522111 0.335754
0.688695 0.340497
0.688695 0.340497
0.688695 0.340497
0.688695 0.340497
0.688695 0.340497
0.688695 0.340497
0.688695 0.340497
0.129869 0.340112
0.129869 0.340112
0.191729 0.341545
0.191729 0.341545
0.191729 0.341545
0.191729 0.341545
0.4277 0.337753
0.4277 0.337753
0.491362 0.339572
0.491362 0.339572
0.809771 0.340387
0.809771 0.340387
0.906284 0.341003
0.576389 0.340011
0.576389 0.340011
0.604249 0.34403
0.604249 0.34403
0.604249 0.34403
0.644606 0.342575
0.644606 0.342575
0.644606 0.342575
0.038468 0.346444
0.038468 0.346444
0.355854 0.346046
0.355854 0.346046
0.355854 0.346046
0.457515 0.343878
0.457515 0.343878
0.643826 0.346663
0.643826 0.346663
0.689831 0.342903
0.906166 0.34366
0.953548 0.343675
0.953548 0.343675
0.156727 0.345442
0.156727 0.345442
0.19202 0.345924
0.19202 0.345924
0.457346 0.349212
0.457346 0.349212
0.771555 0.34702
0.771555 0.34702
0.771555 0.34702
0.952409 0.349855
0.952409 0.349855
0.0410068 0.348252
0.0798891 0.34901
0.0798891 0.34901
0.520806 0.349417
0.689333 0.350551
0.841302 0.352298
0.841302 0.352298
0.841302 0.352298
0.885762 0.350142
0.885762 0.350142
0.402154 0.355023
0.402154 0.355023
0.402154 0.355023
0.603898 0.352158
0.884806 0.354661
0.884806 0.354661
0.427382 0.356177
0.427382 0.356177
0.456587 0.358896
0.456587 0.358896
0.456587 0.358896
0.456587 0.358896
0.810205 0.35418
0.810205 0.35418
0.810205 0.35418
0.317164 0.362252
0.317164 0.362252
0.355044 0.360562
0.355044 0.360562
0.520501 0.360616
0.520501 0.360616
0.841861 0.361192
0.841861 0.361192
0.841861 0.361192
0.841861 0.361192
0.953659 0.358636
0.689774 0.362809
0.689774 0.362809
0.77183 0.361188
0.77183 0.361188
0.77183 0.361188
0.353815 0.366492
0.353815 0.366492
0.885425 0.364867
0.0411925 0.367142
0.0411925 0.367142
0.0793481 0.365349
0.605139 0.369895
0.605139 0.369895
0.605139 0.369895
0.0414813 0.372133
0.0414813 0.372133
0.0414813 0.372133
0.234806 0.371403
0.234806 0.371403
0.234806 0.371403
0.234806 0.371403
0.841773 0.37259
0.191769 0.372689
0.191769 0.372689
0.191769 0.372689
0.354535 0.371388
0.402063 0.370668
0.402063 0.370668
0.12927 0.377006
0.48344 0.375883
0.48344 0.375883
0.723017 0.376459
0.0799271 0.377087
0.0799271 0.377087
0.161639 0.378887
0.161639 0.378887
0.905528 0.378126
0.905528 0.378126
0.040607 0.380709
0.040607 0.380709
0.129286 0.383061
0.129286 0.383061
0.129286 0.383061
0.129286 0.383061
0.233988 0.378659
0.407375 0.38037
0.407375 0.38037
0.407375 0.38037
0.407375 0.38037
0.407375 0.38037
0.592887 0.378601
0.592887 0.378601
0.6894 0.379527
0.841161 0.382293
0.841161 0.382293
0.0395115 0.3846
0.0395115 0.3846
0.318795 0.384479
0.318795 0.384479
0.318795 0.384479
0.28311 0.384055
0.352172 0.384558
0.520945 0.384862
0.520945 0.384862
0.906519 0.386596
0.906519 0.386596
0.906519 0.386596
0.906519 0.386596
0.906519 0.386596
0.593249 0.387883
0.593249 0.387883
0.809258 0.387699
0.52215 0.389464
0.52215 0.389464
0.52215 0.389464
0.555322 0.390567
0.130249 0.391776
0.130249 0.391776
0.230087 0.393988
0.230087 0.393988
0.230087 0.393988
0.277483 0.390198
0.277483 0.390198
0.806627 0.393667
0.806627 0.393667
0.870785 0.392964
0.162032 0.393067
0.162032 0.393067
0.19197 0.394228
0.19197 0.394228
0.482303 0.39836
0.482303 0.39836
0.482303 0.39836
0.482303 0.39836
0.0780483 0.3984
0.0780483 0.3984
0.353921 0.399169
0.353921 0.399169
0.520164 0.397798
0.520164 0.397798
0.520164 0.397798
0.723717 0.400687
0.723717 0.400687
0.723717 0.400687
0.905914 0.396293
0.905914 0.396293
0.0409116 0.400339
0.0409116 0.400339
0.0409116 0.400339
0.283122 0.397524
0.283122 0.397524
0.325456 0.399683
0.325456 0.399683
0.325456 0.399683
0.0786673 0.402125
0.0786673 0.402125
0.0786673 0.402125
0.229877 0.405698
0.229877 0.405698
0.373631 0.406168
0.373631 0.406168
0.482572 0.405403
0.482572 0.405403
0.677869 0.402818
0.677869 0.402818
0.80914 0.402627
0.842712 0.404823
0.842712 0.404823
0.129546 0.40871
0.129546 0.40871
0.129546 0.40871
0.251029 0.407977
0.251029 0.407977
0.251029 0.407977
0.809085 0.406006
0.952435 0.409086
0.952435 0.409086
0.301781 0.407838
0.771982 0.411632
0.771982 0.411632
0.162127 0.41285
0.162127 0.41285
0.283552 0.413798
0.283552 0.413798
0.381541 0.415424
0.381541 0.415424
0.407503 0.414433
0.407503 0.414433
0.407503 0.414433
0.644251 0.414341
0.644251 0.414341
0.677079 0.415581
0.677079 0.415581
0.711715 0.415801
0.711715 0.415801
0.907258 0.413984
0.907258 0.413984
0.907258 0.413984
0.162311 0.415361
0.162311 0.415361
0.161086 0.420476
0.161086 0.420476
0.458681 0.420844
0.458681 0.420844
0.458681 0.420844
0.591757 0.420417
0.676513 0.42077
0.676513 0.42077
0.954733 0.42066
0.954733 0.42066
0.954733 0.42066
0.0784881 0.423271
0.0784881 0.423271
0.0784881 0.423271
0.590566 0.42357
0.590566 0.42357
0.590566 0.42357
0.590566 0.42357
0.354034 0.426557
0.354034 0.426557
0.906556 0.428082
0.906556 0.428082
0.906556 0.428082
0.952545 0.422944
0.952545 0.422944
0.0791354 0.426028
0.0791354 0.426028
0.229245 0.427145
0.229245 0.427145
0.71336 0.425068
0.871366 0.425367
0.871366 0.425367
0.230101 0.431529
0.230101 0.431529
0.521609 0.428856
0.521609 0.428856
0.674456 0.432221
0.674456 0.432221
0.713089 0.429929
0.713089 0.429929
0.713089 0.429929
0.0411546 0.431662
0.408635 0.431426
0.408635 0.431426
0.408635 0.431426
0.408635 0.431426
0.676737 0.433572
0.676737 0.433572
0.676737 0.433572
0.771011 0.43308
0.771011 0.43308
0.0780476 0.437322
0.0780476 0.437322
0.381275 0.433989
0.381275 0.433989
0.808969 0.4353
0.808969 0.4353
0.0333762 0.438907
0.0333762 0.438907
0.124487 0.440437
0.124487 0.440437
0.124487 0.440437
0.124487 0.440437
0.124487 0.440437
0.232397 0.43927
0.232397 0.43927
0.232397 0.43927
0.480934 0.438378
0.480934 0.438378
0.480934 0.438378
0.643989 0.437789
0.643989 0.437789
0.643989 0.437789
0.434559 0.44023
0.434559 0.44023
0.434559 0.44023
0.465642 0.440964
0.465642 0.440964
0.67877 0.438288
0.67877 0.438288
0.712504 0.442154
0.712504 0.442154
0.712504 0.442154
0.80961 0.439385
0.80961 0.439385
0.842526 0.440474
0.842526 0.440474
0.161974 0.441668
0.161974 0.441668
0.394892 0.444331
0.808295 0.444786
0.905052 0.444902
0.905052 0.444902
0.161534 0.444796
0.161534 0.444796
0.397052 0.446047
0.397052 0.446047
0.522163 0.446511
0.522163 0.446511
0.678348 0.446862
0.74834 0.448558
0.74834 0.448558
0.74834 0.448558
0.161215 0.449825
0.161215 0.449825
0.280716 0.448359
0.280716 0.448359
0.434702 0.451012
0.434702 0.451012
0.397201 0.45419
0.397201 0.45419
0.521623 0.453221
0.521623 0.453221
0.521623 0.453221
0.841755 0.453339
0.872215 0.450568
0.872215 0.450568
0.872215 0.450568
0.872215 0.450568
0.0336207 0.456423
0.0336207 0.456423
0.644509 0.453797
0.644509 0.453797
0.644509 0.453797
0.770986 0.455183
0.770986 0.455183
0.770986 0.455183
0.770986 0.455183
0.906737 0.455596
0.906737 0.455596
0.954013 0.452762
0.954013 0.452762
0.954013 0.452762
0.954013 0.452762
0.466097 0.459753
0.810297 0.458126
0.810297 0.458126
0.810297 0.458126
0.871869 0.458489
0.871869 0.458489
0.161368 0.459475
0.161368 0.459475
0.713144 0.459617
0.713144 0.459617
0.769931 0.463195
0.279998 0.463342
0.279998 0.463342
0.5412 0.463187
0.5412 0.463187
0.711457 0.464158
0.711457 0.464158
0.385073 0.463163
0.433905 0.467403
0.433905 0.467403
0.592871 0.466312
0.644594 0.466707
0.644594 0.466707
0.644594 0.466707
0.925352 0.465966
0.396909 0.468516
0.396909 0.468516
0.396909 0.468516
0.644441 0.469713
0.644441 0.469713
0.809044 0.469952
0.809044 0.469952
0.841162 0.471431
0.841162 0.471431
0.0744092 0.47095
0.0744092 0.47095
0.0744092 0.47095
0.185608 0.472638
0.185608 0.472638
0.185608 0.472638
0.370665 0.47386
0.370665 0.47386
0.370665 0.47386
0.747757 0.470567
0.95467 0.472264
0.95467 0.472264
0.280448 0.47278
0.280448 0.47278
0.432707 0.476717
0.465923 0.476306
0.465923 0.476306
0.843151 0.47374
0.843151 0.47374
0.954256 0.476246
0.954256 0.476246
0.0335347 0.477295
0.0335347 0.477295
0.312602 0.480166
0.312602 0.480166
0.312602 0.480166
0.396483 0.475839
0.541741 0.477149
0.771189 0.478653
0.771189 0.478653
0.841752 0.476815
0.124108 0.481084
0.124108 0.481084
0.466034 0.479469
0.466034 0.479469
0.466034 0.479469
0.59281 0.479589
0.59281 0.479589
0.312116 0.483184
0.907018 0.483513
0.907018 0.483513
0.907018 0.483513
0.124028 0.485821
0.124028 0.485821
0.592588 0.486573
0.592588 0.486573
0.592588 0.486573
0.762162 0.486873
0.762162 0.486873
0.810182 0.486618
0.394863 0.489301
0.394863 0.489301
0.487119 0.488182
0.125303 0.489983
0.125303 0.489983
0.39354 0.494247
0.39354 0.494247
0.39354 0.494247
0.0366321 0.496303
0.0366321 0.496303
0.0750373 0.493796
0.0750373 0.493796
0.0750373 0.493796
0.186515 0.492566
0.186515 0.492566
0.433545 0.495092
0.433545 0.495092
0.433545 0.495092
0.520808 0.496425
0.520808 0.496425
0.761789 0.492857
0.761789 0.492857
0.827532 0.496903
0.827532 0.496903
0.311099 0.499294
0.311099 0.499294
0.311099 0.499294
0.466176 0.496655
0.466176 0.496655
0.693824 0.500357
0.693824 0.500357
0.730462 0.495547
0.762234 0.498225
0.762234 0.498225
0.888446 0.497023
0.888446 0.497023
0.949633 0.495991
0.949633 0.495991
0.949633 0.495991
0.0383374 0.501558
0.0383374 0.501558
0.162219 0.499197
0.162219 0.499197
0.162219 0.499197
0.279918 0.500467
0.37297 0.501812
0.37297 0.501812
0.434269 0.497554
0.648434 0.49821
0.648434 0.49821
0.828144 0.500869
0.828144 0.500869
0.162252 0.501748
0.162252 0.501748
0.186342 0.50087
0.760553 0.504109
0.760553 0.504109
0.854837 0.50676
0.854837 0.50676
0.887438 0.506856
0.887438 0.506856
0.887438 0.506856
0.917627 0.503131
0.648939 0.50588
0.648939 0.50588
0.828346 0.506196
0.828346 0.506196
0.400059 0.509413
0.400059 0.509413
0.400059 0.509413
0.46648 0.509428
0.46648 0.509428
0.487978 0.508017
0.487978 0.508017
0.520962 0.510865
0.520962 0.510865
0.520962 0.510865
0.82727 0.509295
0.82727 0.509295
0.0385637 0.512442
0.0385637 0.512442
0.828378 0.511634
0.828378 0.511634
0.184964 0.51722
0.184964 0.51722
0.281008 0.513548
0.281008 0.513548
0.281008 0.513548
0.480521 0.51566
0.480521 0.51566
0.480521 0.51566
0.580897 0.517325
0.580897 0.517325
0.797875 0.515063
0.797875 0.515063
0.797875 0.515063
0.915295 0.516799
0.915295 0.516799
0.915295 0.516799
0.154737 0.521741
0.154737 0.521741
0.227304 0.521381
0.227304 0.521381
0.227304 0.521381
0.551776 0.517694
0.551776 0.517694
0.888123 0.5213
0.888123 0.5213
0.980782 0.517539
0.980782 0.517539
0.552332 0.520322
0.552332 0.520322
0.647433 0.523882
0.647433 0.523882
0.694237 0.523536
0.694237 0.523536
0.694237 0.523536
0.694237 0.523536
0.760471 0.526301
0.760471 0.526301
0.949657 0.522513
0.949657 0.522513
0.184568 0.525197
0.372156 0.525871
0.73445 0.52506
0.856203 0.523853
0.856203 0.523853
0.856203 0.523853
0.88668 0.526055
0.88668 0.526055
0.88668 0.526055
0.948791 0.525435
0.948791 0.525435
0.611289 0.529
0.611289 0.529
0.979612 0.527535
0.979612 0.527535
0.184502 0.532477
0.184502 0.532477
0.399903 0.528414
0.399903 0.528414
0.761623 0.529223
0.797444 0.528439
0.797444 0.528439
0.916477 0.528692
0.980917 0.531621
0.980917 0.531621
0.296149 0.534056
0.296149 0.534056
0.296149 0.534056
0.52063 0.530347
0.547296 0.53356
0.547296 0.53356
0.547296 0.53356
0.547296 0.53356
0.7619 0.533562
0.7619 0.533562
0.7619 0.533562
0.7619 0.533562
0.521195 0.533235
0.521195 0.533235
0.949714 0.53483
0.949714 0.53483
0.0387284 0.536438
0.0387284 0.536438
0.0744125 0.538579
0.0744125 0.538579
0.735293 0.536442
0.735293 0.536442
0.796265 0.542033
0.796265 0.542033
0.0380979 0.539358
0.0380979 0.539358
0.736476 0.53881
0.736476 0.53881
0.797551 0.539863
0.797551 0.539863
0.828335 0.541182
0.828335 0.541182
0.828335 0.541182
0.124614 0.542578
0.124614 0.542578
0.22732 0.540497
0.482657 0.541843
0.482657 0.541843
0.735054 0.544442
0.735054 0.544442
0.76113 0.542464
0.265145 0.544882
0.265145 0.544882
0.521461 0.546702
0.521461 0.546702
0.521461 0.546702
0.827808 0.547936
0.827808 0.547936
0.827808 0.547936
0.965778 0.543491
0.0383577 0.545024
0.0383577 0.545024
0.888248 0.546259
0.888248 0.546259
0.888248 0.546259
0.0356753 0.551542
0.079251 0.55158
0.079251 0.55158
0.185968 0.548097
0.185968 0.548097
0.433058 0.549463
0.433058 0.549463
0.547208 0.547915
0.547208 0.547915
0.695398 0.549097
0.695398 0.549097
0.695398 0.549097
0.115732 0.550639
0.432399 0.554608
0.432399 0.554608
0.736492 0.552766
0.736492 0.552766
0.826941 0.554688
0.826941 0.554688
0.266442 0.554011
0.266442 0.554011
0.581993 0.555895
0.64828 0.557469
0.64828 0.557469
0.64828 0.557469
0.796545 0.558914
0.796545 0.558914
0.886918 0.558434
0.949031 0.556185
0.949031 0.556185
0.125449 0.560963
0.125449 0.560963
0.125449 0.560963
0.266003 0.564551
0.266003 0.564551
0.266003 0.564551
0.553865 0.560698
0.620761 0.564073
0.620761 0.564073
0.796259 0.562744
0.796259 0.562744
0.796259 0.562744
0.185473 0.563696
0.185473 0.563696
0.520261 0.565558
0.520261 0.565558
0.520261 0.565558
0.582274 0.564036
0.648646 0.565838
0.648646 0.565838
0.736436 0.563883
0.736436 0.563883
0.0794037 0.566037
0.0794037 0.566037
0.228176 0.569951
0.228176 0.569951
0.184826 0.573426
0.29662 0.571051
0.29662 0.571051
0.621135 0.573041
0.621135 0.573041
0.673187 0.573828
0.673187 0.573828
0.673187 0.573828
0.843585 0.575748
0.843585 0.575748
0.619783 0.577466
0.948295 0.574656
0.948295 0.574656
0.948295 0.574656
0.124417 0.578098
0.124417 0.578098
0.294906 0.578293
0.294906 0.578293
0.381979 0.57768
0.381979 0.57768
0.580956 0.575502
0.580956 0.575502
0.80154 0.577984
0.888509 0.577201
0.888509 0.577201
0.675423 0.581057
0.675423 0.581057
0.675423 0.581057
0.969319 0.579559
0.761413 0.582494
0.0408173 0.587591
0.0408173 0.587591
0.0408173 0.587591
0.802059 0.585203
0.802059 0.585203
0.294942 0.589592
0.294942 0.589592
0.294942 0.589592
0.410038 0.588689
0.410038 0.588689
0.444498 0.586905
0.444498 0.586905
0.444498 0.586905
0.571741 0.587558
0.571741 0.587558
0.571741 0.587558
0.714353 0.589463
0.714353 0.589463
0.827393 0.587722
0.827393 0.587722
0.845081 0.588996
0.845081 0.588996
0.845081 0.588996
0.762611 0.589198
0.762611 0.589198
0.570965 0.591142
0.570965 0.591142
0.0423301 0.594308
0.0423301 0.594308
0.0423301 0.594308
0.0796786 0.595942
0.0796786 0.595942
0.171167 0.595284
0.171167 0.595284
0.571425 0.594904
0.571425 0.594904
0.0410748 0.599227
0.0410748 0.599227
0.784659 0.599857
0.784659 0.599857
0.784659 0.599857
0.845845 0.596581
0.845845 0.596581
0.404169 0.599029
0.522205 0.60063
0.522205 0.60063
0.845205 0.601693
0.845205 0.601693
0.845205 0.601693
0.674792 0.601668
0.674792 0.601668
0.828652 0.602164
0.828652 0.602164
0.919019 0.604302
0.919019 0.604302
0.0781114 0.606223
0.198642 0.606616
0.198642 0.606616
0.410385 0.604403
0.410385 0.604403
0.410385 0.604403
0.443539 0.605668
0.649213 0.606691
0.649213 0.606691
0.886791 0.60916
0.886791 0.60916
0.94843 0.606224
0.94843 0.606224
0.646937 0.612716
0.646937 0.612716
0.674342 0.610249
0.760631 0.610871
0.760631 0.610871
0.844527 0.610108
0.0784329 0.613721
0.0784329 0.613721
0.125435 0.611343
0.40966 0.612785
0.40966 0.612785
0.828138 0.611611
0.828138 0.611611
0.845473 0.614695
0.845473 0.614695
0.845473 0.614695
0.845473 0.614695
0.385795 0.614572
0.385795 0.614572
0.520946 0.617076
0.520946 0.617076
0.674544 0.615058
0.674544 0.615058
0.674544 0.615058
0.803233 0.61273
0.803233 0.61273
0.828757 0.61412
0.828757 0.61412
0.0795249 0.617258
0.0795249 0.617258
0.0795249 0.617258
0.12531 0.617528
0.12531 0.617528
0.76126 0.619052
0.76126 0.619052
0.803942 0.617507
0.803942 0.617507
0.225251 0.621683
0.225251 0.621683
0.445671 0.620808
0.445671 0.620808
0.612272 0.621856
0.612272 0.621856
0.612272 0.621856
0.612272 0.621856
0.828614 0.619314
0.828614 0.619314
0.0325609 0.625148
0.0325609 0.625148
0.0325609 0.625148
0.0414636 0.624512
0.0414636 0.624512
0.19778 0.622741
0.19778 0.622741
0.342911 0.624083
0.342911 0.624083
0.342911 0.624083
0.385794 0.620054
0.12446 0.626373
0.12446 0.626373
0.41091 0.629122
0.41091 0.629122
0.41091 0.629122
0.483336 0.628297
0.483336 0.628297
0.612415 0.629533
0.612415 0.629533
0.844787 0.631714
0.385992 0.631642
0.385992 0.631642
0.385992 0.631642
0.411054 0.63414
0.411054 0.63414
0.713652 0.632618
0.713652 0.632618
0.170341 0.635425
0.170341 0.635425
0.341842 0.636074
0.341842 0.636074
0.826398 0.635429
0.826398 0.635429
0.259155 0.637263
0.259155 0.637263
0.445487 0.635816
0.445487 0.635816
0.887352 0.635208
0.122514 0.642558
0.122514 0.642558
0.122514 0.642558
0.198442 0.640934
0.226209 0.640805
0.226209 0.640805
0.226209 0.640805
0.340556 0.641705
0.340556 0.641705
0.340556 0.641705
0.340556 0.641705
0.447895 0.641714
0.447895 0.641714
0.447895 0.641714
0.760467 0.641077
0.887557 0.639908
0.887557 0.639908
0.410683 0.6425
0.410683 0.6425
0.571495 0.642313
0.571495 0.642313
0.612452 0.642405
0.612452 0.642405
0.677477 0.64251
0.677477 0.64251
0.714673 0.643517
0.714673 0.643517
0.714673 0.643517
0.937788 0.64327
0.937788 0.64327
0.937788 0.64327
0.962406 0.640163
0.199688 0.644659
0.199688 0.644659
0.30251 0.644273
0.30251 0.644273
0.30251 0.644273
0.30251 0.644273
0.521923 0.646583
0.521923 0.646583
0.521923 0.646583
0.647333 0.646464
0.647333 0.646464
0.171271 0.646393
0.27496 0.649412
0.612581 0.647235
0.612581 0.647235
0.612581 0.647235
0.937575 0.648711
0.937575 0.648711
0.227312 0.649301
0.803671 0.647653
0.803671 0.647653
0.403382 0.651933
0.520609 0.654398
0.520609 0.654398
0.520609 0.654398
0.647798 0.652508
0.647798 0.652508
0.677593 0.650652
0.677593 0.650652
0.228004 0.655598
0.228004 0.655598
0.403724 0.654414
0.569659 0.655591
0.762738 0.653674
0.762738 0.653674
0.762738 0.653674
0.762738 0.653674
0.404131 0.660509
0.404131 0.660509
0.485048 0.658008
0.485048 0.658008
0.485048 0.658008
0.647258 0.658808
0.647258 0.658808
0.676976 0.65506
0.761683 0.657154
0.962468 0.656312
0.962468 0.656312
0.123136 0.661115
0.193483 0.660843
0.276559 0.660024
0.276559 0.660024
0.443487 0.659867
0.521702 0.660136
0.521702 0.660136
0.826606 0.662189
0.826606 0.662189
0.170056 0.665114
0.227887 0.664448
0.227887 0.664448
0.301049 0.663921
0.301049 0.663921
0.32994 0.661162
0.937333 0.662457
0.361931 0.664674
0.676234 0.666338
0.676234 0.666338
0.676234 0.666338
0.676234 0.666338
0.762223 0.667364
0.762223 0.667364
0.762223 0.667364
0.762223 0.667364
0.483639 0.665661
0.521243 0.669421
0.521243 0.669421
0.647608 0.66915
0.724758 0.667715
0.724758 0.667715
0.724758 0.667715
0.495905 0.667641
0.886089 0.672964
0.0794511 0.67369
0.0794511 0.67369
0.0794511 0.67369
0.302127 0.671636
0.302127 0.671636
0.362404 0.672829
0.362404 0.672829
0.362404 0.672829
0.590608 0.671039
0.590608 0.671039
0.803582 0.671329
0.803582 0.671329
0.330461 0.673935
0.330461 0.673935
0.522002 0.672817
0.522002 0.672817
0.565178 0.675069
0.565178 0.675069
0.655055 0.674223
0.655055 0.674223
0.655055 0.674223
0.727969 0.673819
0.727969 0.673819
0.844158 0.673389
0.844158 0.673389
0.0776436 0.677103
0.826756 0.677959
0.826756 0.677959
0.194134 0.681641
0.194134 0.681641
0.227691 0.679877
0.302523 0.679268
0.302523 0.679268
0.302523 0.679268
0.628919 0.678823
0.802863 0.679568
0.802863 0.679568
0.802863 0.679568
0.171168 0.684068
0.171168 0.684068
0.565826 0.683046
0.762756 0.683163
0.762756 0.683163
0.0324072 0.684982
0.125181 0.684117
0.125181 0.684117
0.362839 0.684997
0.362839 0.684997
0.483223 0.683152
0.483223 0.683152
0.654625 0.685033
0.654625 0.685033
0.888045 0.684573
0.888045 0.684573
0.484852 0.687889
0.0314297 0.691475
0.0314297 0.691475
0.0314297 0.691475
0.402925 0.691894
0.402925 0.691894
0.402925 0.691894
0.443308 0.688907
0.443308 0.688907
0.443308 0.688907
0.443308 0.688907
0.443308 0.688907
0.443308 0.688907
0.887965 0.690167
0.887965 0.690167
0.887965 0.690167
0.913824 0.689334
0.926981 0.689349
0.171801 0.693236
0.171801 0.693236
0.171801 0.693236
0.0786171 0.69342
0.0786171 0.69342
0.0786171 0.69342
0.33151 0.693393
0.93774 0.695768
0.93774 0.695768
0.93774 0.695768
0.0334262 0.697003
0.0334262 0.697003
0.0334262 0.697003
0.123993 0.697514
0.123993 0.697514
0.629522 0.695162
0.629522 0.695162
0.654513 0.698826
0.654513 0.698826
0.0320485 0.700919
0.0320485 0.700919
0.194259 0.701152
0.194259 0.701152
0.936184 0.702442
0.936184 0.702442
0.275874 0.703382
0.275874 0.703382
0.275874 0.703382
0.403926 0.703713
0.403926 0.703713
0.403926 0.703713
0.484539 0.704383
0.484539 0.704383
0.564896 0.70349
0.564896 0.70349
0.564896 0.70349
0.886767 0.705675
0.362343 0.705759
0.362343 0.705759
0.521028 0.705613
0.521028 0.705613
0.761896 0.706993
0.761896 0.706993
0.761896 0.706993
0.0460994 0.711374
0.0460994 0.711374
0.0460994 0.711374
0.192887 0.71032
0.226092 0.711112
0.226092 0.711112
0.590459 0.709047
0.590459 0.709047
0.590459 0.709047
0.626386 0.712456
0.626386 0.712456
0.626386 0.712456
0.888168 0.711327
0.13648 0.713423
0.13648 0.713423
0.13648 0.713423
0.331505 0.713959
0.331505 0.713959
0.361442 0.712945
0.361442 0.712945
0.361442 0.712945
0.361442 0.712945
0.361442 0.712945
0.361442 0.712945
0.566036 0.713849
0.566036 0.713849
0.566036 0.713849
0.566036 0.713849
0.590185 0.712205
0.590185 0.712205
0.590185 0.712205
0.709402 0.710348
0.802846 0.713652
0.802846 0.713652
0.961052 0.715097
0.961052 0.715097
0.961052 0.715097
0.226509 0.716803
0.226509 0.716803
0.731255 0.712839
0.731255 0.712839
0.731255 0.712839
0.827293 0.715106
0.827293 0.715106
0.827293 0.715106
0.0468944 0.716601
0.0468944 0.716601
0.443445 0.716277
0.484722 0.719596
0.484722 0.719596
0.590598 0.718666
0.590598 0.718666
0.732081 0.718642
0.732081 0.718642
0.109873 0.717828
0.109873 0.717828
0.854388 0.719082
0.854388 0.719082
0.587885 0.722504
0.827202 0.7229
0.827202 0.7229
0.827202 0.7229
0.937811 0.72482
0.937811 0.72482
0.483843 0.723822
0.483843 0.723822
0.483843 0.723822
0.802874 0.724067
0.802874 0.724067
0.802874 0.724067
0.483139 0.729604
0.654258 0.727099
0.887234 0.725022
0.887234 0.725022
0.135948 0.72993
0.135948 0.72993
0.44357 0.72942
0.521465 0.727835
0.521465 0.727835
0.85402 0.732927
0.85402 0.732927
0.85402 0.732927
0.0470984 0.73194
0.0942961 0.730816
0.0942961 0.730816
0.0942961 0.730816
0.105111 0.730243
0.171943 0.732923
0.171943 0.732923
0.275325 0.733824
0.275325 0.733824
0.275325 0.733824
0.317851 0.734658
0.317851 0.734658
0.443001 0.732379
0.443001 0.732379
0.521452 0.732115
0.564262 0.733293
0.564262 0.733293
0.962356 0.73065
0.962356 0.73065
0.0940931 0.733767
0.0940931 0.733767
0.0463399 0.735332
0.109854 0.736992
0.109854 0.736992
0.564808 0.740447
0.564808 0.740447
0.589712 0.737187
0.589712 0.737187
0.0946619 0.740345
0.0946619 0.740345
0.108251 0.740939
0.108251 0.740939
0.172731 0.73996
0.172731 0.73996
0.172731 0.73996
0.655599 0.739092
0.655599 0.739092
0.707822 0.739537
0.707822 0.739537
0.802833 0.738035
0.319067 0.74125
0.319067 0.74125
0.761989 0.742297
0.761989 0.742297
0.852606 0.743662
0.852606 0.743662
0.888001 0.742282
0.888001 0.742282
0.0942651 0.743275
0.0942651 0.743275
0.275201 0.744902
0.275201 0.744902
0.317882 0.745074
0.317882 0.745074
0.362481 0.744415
0.362481 0.744415
0.403539 0.744562
0.731728 0.746998
0.731728 0.746998
0.731728 0.746998
0.938277 0.744226
0.938277 0.744226
0.136303 0.747347
0.853624 0.746516
0.853624 0.746516
0.0467101 0.751927
0.0467101 0.751927
0.108227 0.751223
0.108227 0.751223
0.134774 0.750485
0.134774 0.750485
0.227922 0.750458
0.227922 0.750458
0.227922 0.750458
0.655743 0.7482
0.655743 0.7482
0.655743 0.7482
0.681255 0.750639
0.681255 0.750639
0.681255 0.750639
0.681255 0.750639
0.732415 0.749445
0.732415 0.749445
0.826867 0.750383
0.826867 0.750383
0.318394 0.751273
0.88638 0.752959
0.88638 0.752959
0.0460738 0.755633
0.0460738 0.755633
0.0460738 0.755633
0.406843 0.753373
0.406843 0.753373
0.615008 0.755883
0.615008 0.755883
0.67897 0.755117
0.227178 0.758058
0.227178 0.758058
0.713525 0.758361
0.713525 0.758361
0.761739 0.757692
0.761739 0.757692
0.761739 0.757692
0.888342 0.755834
0.888342 0.755834
0.952027 0.756116
0.952027 0.756116
0.0469781 0.758023
0.0942185 0.762327
0.0942185 0.762327
0.136246 0.760598
0.226493 0.763532
0.317606 0.763951
0.679285 0.763238
0.679285 0.763238
0.761682 0.765461
0.761682 0.765461
0.827604 0.761952
0.827604 0.761952
0.849836 0.760402
0.886433 0.763403
0.886433 0.763403
0.886433 0.763403
0.109955 0.767258
0.109955 0.767258
0.109955 0.767258
0.109955 0.767258
0.363107 0.765344
0.363107 0.765344
0.363107 0.765344
0.407767 0.766788
0.407767 0.766788
0.407767 0.766788
0.521582 0.764537
0.655188 0.763753
0.655188 0.763753
0.655188 0.763753
0.826532 0.765128
0.962169 0.765093
0.200454 0.767817
0.362668 0.77161
0.362668 0.77161
0.566256 0.768976
0.566256 0.768976
0.136011 0.772832
0.136011 0.772832
0.227644 0.771413
0.227644 0.771413
0.713713 0.770184
0.938254 0.770618
0.938254 0.770618
0.135634 0.775954
0.655194 0.775103
0.655194 0.775103
0.655194 0.775103
0.681036 0.775777
0.681036 0.775777
0.681036 0.775777
0.713079 0.773238
0.713079 0.773238
0.713079 0.773238
0.406371 0.77937
0.406371 0.77937
0.854247 0.776771
0.854247 0.776771
0.854247 0.776771
0.0692694 0.782267
0.0692694 0.782267
0.489818 0.782377
0.489818 0.782377
0.489818 0.782377
0.489818 0.782377
0.67976 0.780177
0.67976 0.780177
0.827624 0.779583
0.827624 0.779583
0.109783 0.780281
0.169828 0.78459
0.169828 0.78459
0.616137 0.782716
0.616137 0.782716
0.616137 0.782716
0.714169 0.781523
0.714169 0.781523
0.802369 0.784434
0.802369 0.784434
0.961819 0.780699
0.961819 0.780699
0.189053 0.784485
0.442412 0.786945
0.442412 0.786945
0.442412 0.786945
0.442412 0.786945
0.109063 0.789586
0.109063 0.789586
0.227561 0.787395
0.276412 0.786383
0.276412 0.786383
0.276412 0.786383
0.0703414 0.78982
0.0703414 0.78982
0.0703414 0.78982
0.171146 0.790825
0.171146 0.790825
0.655009 0.791575
0.655009 0.791575
0.109761 0.794033
0.109761 0.794033
0.109761 0.794033
0.135457 0.797181
0.22812 0.795354
0.22812 0.795354
0.802863 0.794121
0.802863 0.794121
0.825949 0.796579
0.825949 0.796579
0.490661 0.795685
0.55398 0.795187
0.589312 0.79759
0.589312 0.79759
0.589312 0.79759
0.655534 0.799688
0.655534 0.799688
0.655534 0.799688
0.714177 0.79925
0.714177 0.79925
0.714177 0.79925
0.190562 0.798079
0.190562 0.798079
0.491401 0.798796
0.491401 0.798796
0.761266 0.802296
0.761266 0.802296
0.821889 0.80245
0.821889 0.80245
0.821889 0.80245
0.937701 0.802804
0.937701 0.802804
0.227963 0.801106
0.227963 0.801106
0.227963 0.801106
0.279154 0.803352
0.279154 0.803352
0.279154 0.803352
0.407875 0.80233
0.407875 0.80233
0.443043 0.800535
0.589567 0.801709
0.589567 0.801709
0.589567 0.801709
0.798449 0.800483
0.798449 0.800483
0.798449 0.800483
0.888023 0.800753
0.888023 0.800753
0.354619 0.803291
0.354619 0.803291
0.443506 0.806103
0.588676 0.808698
0.588676 0.808698
0.963843 0.807783
0.654198 0.807777
0.654198 0.807777
0.822782 0.809645
0.822782 0.809645
0.822782 0.809645
0.892805 0.807743
0.227814 0.810551
0.278784 0.813168
0.278784 0.813168
0.278784 0.813168
0.554649 0.810487
0.554649 0.810487
0.853903 0.811408
0.853903 0.811408
0.966114 0.811074
0.966114 0.811074
0.303368 0.818138
0.303368 0.818138
0.303368 0.818138
0.893545 0.812834
0.893545 0.812834
0.27785 0.815752
0.893804 0.815327
0.893804 0.815327
0.0471274 0.817919
0.0471274 0.817919
0.761577 0.819714
0.761577 0.819714
0.853561 0.817743
0.965883 0.818241
0.965883 0.818241
0.108611 0.822638
0.108611 0.822638
0.13512 0.824716
0.228133 0.822917
0.228133 0.822917
0.228133 0.822917
0.490684 0.824755
0.490684 0.824755
0.894027 0.823293
0.894027 0.823293
0.894027 0.823293
0.302732 0.826876
0.686675 0.827315
0.686675 0.827315
0.686675 0.827315
0.686675 0.827315
0.686675 0.827315
0.854234 0.823939
0.854234 0.823939
0.0685431 0.828029
0.0685431 0.828029
0.137587 0.827969
0.137587 0.827969
0.360765 0.829486
0.360765 0.829486
0.445662 0.829395
0.445662 0.829395
0.445662 0.829395
0.445662 0.829395
0.798608 0.828288
0.798608 0.828288
0.798608 0.828288
0.82082 0.830125
0.82082 0.830125
0.82082 0.830125
0.82082 0.830125
0.82082 0.830125
0.854535 0.82781
0.854535 0.82781
0.854535 0.82781
0.135831 0.831115
0.135831 0.831115
0.203114 0.829239
0.213902 0.828096
0.304434 0.83058
0.521844 0.833734
0.521844 0.833734
0.521844 0.833734
0.521844 0.833734
0.713901 0.83134
0.893218 0.831425
0.893218 0.831425
0.938448 0.832474
0.938448 0.832474
0.330548 0.835366
0.330548 0.835366
0.475422 0.833093
0.475422 0.833093
0.854154 0.837617
0.854154 0.837617
0.893372 0.835937
0.893372 0.835937
0.893372 0.835937
0.361892 0.83735
0.361892 0.83735
0.55451 0.837378
0.55451 0.837378
0.55451 0.837378
0.55451 0.837378
0.654503 0.835923
0.654503 0.835923
0.654503 0.835923
0.689289 0.835959
0.689289 0.835959
0.713548 0.838441
0.713548 0.838441
0.936191 0.83859
0.936191 0.83859
0.0706614 0.840973
0.0706614 0.840973
0.0706614 0.840973
0.109512 0.837573
0.278403 0.839253
0.521359 0.838728
0.589163 0.838486
0.589163 0.838486
0.800356 0.838093
0.800356 0.838093
0.892978 0.840738
0.892978 0.840738
0.892978 0.840738
0.0375839 0.843984
0.0375839 0.843984
0.0754257 0.844532
0.0754257 0.844532
0.553327 0.841673
0.68925 0.840368
0.713572 0.841022
0.227256 0.844925
0.227256 0.844925
0.395827 0.84604
0.395827 0.84604
0.446229 0.847215
0.227401 0.847473
0.615618 0.847866
0.615618 0.847866
0.937167 0.847325
0.172525 0.848346
0.172525 0.848346
0.475399 0.850076
0.475399 0.850076
0.475399 0.850076
0.970873 0.850884
0.970873 0.850884
0.0768954 0.850569
0.0768954 0.850569
0.189431 0.854347
0.189431 0.854347
0.447879 0.853793
0.447879 0.853793
0.615956 0.852005
0.615956 0.852005
0.0749434 0.856226
0.0749434 0.856226
0.332358 0.853029
0.362571 0.852609
0.475205 0.853417
0.798592 0.856224
0.798592 0.856224
0.421103 0.85561
0.421103 0.85561
0.762856 0.855718
0.762856 0.855718
0.856727 0.858337
0.856727 0.858337
0.856727 0.858337
0.172029 0.859504
0.172029 0.859504
0.172029 0.859504
0.276916 0.862195
0.276916 0.862195
0.276916 0.862195
0.554416 0.861477
0.554416 0.861477
0.554416 0.861477
0.720456 0.858714
0.720456 0.858714
0.762394 0.859181
0.762394 0.859181
0.762394 0.859181
0.762394 0.859181
0.762394 0.859181
0.971926 0.860169
0.971926 0.860169
0.0372596 0.862992
0.0766344 0.861548
0.0766344 0.861548
0.0766344 0.861548
0.109941 0.863754
0.109941 0.863754
0.109941 0.863754
0.109941 0.863754
0.109941 0.863754
0.190295 0.864434
0.190295 0.864434
0.190295 0.864434
0.190295 0.864434
0.190295 0.864434
0.33253 0.860645
0.418775 0.863242
0.418775 0.863242
0.446229 0.865337
0.446229 0.865337
0.589543 0.864411
0.589543 0.864411
0.624226 0.862976
0.624226 0.862976
0.624226 0.862976
0.663798 0.865908
0.663798 0.865908
0.663798 0.865908
0.762808 0.864361
0.762808 0.864361
0.790373 0.863062
0.790373 0.863062
0.971696 0.86266
0.0370319 0.865979
0.0370319 0.865979
0.303813 0.865476
0.303813 0.865476
0.332088 0.867204
0.332088 0.867204
0.361 0.86831
0.361 0.86831
0.475532 0.865701
0.475532 0.865701
0.790557 0.865573
0.790557 0.865573
0.938589 0.866937
0.938589 0.866937
0.189232 0.871827
0.189232 0.871827
0.303357 0.870774
0.303357 0.870774
0.387848 0.870836
0.387848 0.870836
0.387848 0.870836
0.589561 0.872124
0.589561 0.872124
0.589561 0.872124
0.665115 0.871001
0.665115 0.871001
0.720958 0.869997
0.720958 0.869997
0.138112 0.874151
0.30278 0.87348
0.389688 0.876271
0.389688 0.876271
0.389688 0.876271
0.473986 0.875767
0.791085 0.872609
0.277564 0.879248
0.79085 0.875202
0.138927 0.882508
0.138927 0.882508
0.138927 0.882508
0.445379 0.881507
0.624534 0.877969
0.624534 0.877969
0.89307 0.880403
0.89307 0.880403
0.228388 0.88306
0.228388 0.88306
0.228388 0.88306
0.362652 0.883268
0.362652 0.883268
0.62516 0.882313
0.62516 0.882313
0.891963 0.884954
0.190586 0.88504
0.190586 0.88504
0.190586 0.88504
0.278599 0.88644
0.278599 0.88644
0.278599 0.88644
0.590117 0.885633
0.590117 0.885633
0.663719 0.886976
0.663719 0.886976
0.85672 0.88288
0.362703 0.885984
0.362703 0.885984
0.420128 0.885092
0.420128 0.885092
0.82241 0.890401
0.82241 0.890401
0.82241 0.890401
0.82241 0.890401
0.169997 0.889416
0.169997 0.889416
0.169997 0.889416
0.419578 0.890485
0.419578 0.890485
0.109594 0.891453
0.109594 0.891453
0.109594 0.891453
0.521108 0.891828
0.521108 0.891828
0.894053 0.894807
0.894053 0.894807
0.0752375 0.892807
0.66425 0.894387
0.691096 0.89645
0.691096 0.89645
0.691096 0.89645
0.109799 0.895168
0.109799 0.895168
0.330627 0.896182
0.420691 0.895176
0.420691 0.895176
0.521748 0.898132
0.521748 0.898132
0.588998 0.899387
0.588998 0.899387
0.588998 0.899387
0.588998 0.899387
0.822731 0.896796
0.822731 0.896796
0.822731 0.896796
0.109885 0.898283
0.139834 0.898409
0.657712 0.897881
0.417257 0.904924
0.417257 0.904924
0.417257 0.904924
0.822078 0.904646
0.822078 0.904646
0.822078 0.904646
0.302576 0.903157
0.302576 0.903157
0.359789 0.908509
0.359789 0.908509
0.788695 0.905525
0.788695 0.905525
0.929363 0.905022
0.929363 0.905022
0.929363 0.905022
0.554385 0.906571
0.554385 0.906571
0.331266 0.910899
0.389356 0.911709
0.389356 0.911709
0.389356 0.911709
0.691686 0.910567
0.691686 0.910567
0.789417 0.910304
0.139745 0.913141
0.139745 0.913141
0.169705 0.911312
0.169705 0.911312
0.47567 0.913367
0.47567 0.913367
0.47567 0.913367
0.0358272 0.913822
0.421134 0.914596
0.421134 0.914596
0.421134 0.914596
0.466427 0.913367
0.466427 0.913367
0.664798 0.914138
0.664798 0.914138
0.691496 0.916086
0.691496 0.916086
0.855943 0.916183
0.855943 0.916183
0.928257 0.916658
0.139154 0.915576
0.190561 0.918799
0.190561 0.918799
0.190561 0.918799
0.190561 0.918799
0.190561 0.918799
0.466048 0.916084
0.466048 0.916084
0.520315 0.919636
0.520315 0.919636
0.625726 0.916293
0.625726 0.916293
0.664147 0.917975
0.664147 0.917975
0.761518 0.917968
0.761518 0.917968
0.761518 0.917968
0.798816 0.915972
0.168898 0.922533
0.168898 0.922533
0.168898 0.922533
0.389645 0.918363
0.389645 0.918363
0.852426 0.918413
0.852426 0.918413
0.892326 0.922493
0.892326 0.922493
0.110263 0.924926
0.110263 0.924926
0.110263 0.924926
0.110263 0.924926
0.216547 0.920106
0.263055 0.923617
0.263055 0.923617
0.389768 0.922499
0.389768 0.922499
0.389768 0.922499
0.588367 0.925405
0.588367 0.925405
0.623758 0.923014
0.623758 0.923014
0.852408 0.922981
0.852408 0.922981
0.0353213 0.926558
0.0353213 0.926558
0.0353213 0.926558
0.389184 0.927515
0.389184 0.927515
0.928159 0.922964
0.928159 0.922964
0.075919 0.925315
0.18879 0.928769
0.362389 0.929622
0.362389 0.929622
0.362389 0.929622
0.420127 0.928645
0.420127 0.928645
0.304042 0.931159
0.304042 0.931159
0.386348 0.932696
0.386348 0.932696
0.553145 0.929731
0.553145 0.929731
0.625336 0.930801
0.625336 0.930801
0.853161 0.929696
0.853161 0.929696
0.853161 0.929696
0.189699 0.933792
0.331558 0.933275
0.362081 0.933119
0.362081 0.933119
0.362081 0.933119
0.474577 0.932875
0.474577 0.932875
0.663692 0.934796
0.663692 0.934796
0.109356 0.935055
0.141138 0.936336
0.141138 0.936336
0.226583 0.936916
0.226583 0.936916
0.721896 0.936367
0.721896 0.936367
0.962264 0.93262
0.108672 0.937677
0.108672 0.937677
0.188963 0.938576
0.188963 0.938576
0.34088 0.940571
0.34088 0.940571
0.474127 0.938324
0.474127 0.938324
0.554397 0.937683
0.589193 0.940204
0.589193 0.940204
0.589193 0.940204
0.961987 0.935606
0.961987 0.935606
0.332052 0.939963
0.332052 0.939963
0.332052 0.939963
0.360026 0.940512
0.427238 0.941865
0.630446 0.938176
0.630446 0.938176
0.630446 0.938176
0.630446 0.938176
0.228371 0.942012
0.228371 0.942012
0.630103 0.94407
0.630103 0.94407
0.630103 0.94407
0.691243 0.940985
0.691243 0.940985
0.762296 0.94254
0.762296 0.94254
0.33167 0.946354
0.33167 0.946354
0.33167 0.946354
0.852787 0.943795
0.852787 0.943795
0.0359263 0.946216
0.141035 0.947526
0.141035 0.947526
0.552218 0.946678
0.552218 0.946678
0.831295 0.946836
0.831295 0.946836
0.852338 0.948852
0.852338 0.948852
0.520832 0.950099
0.520832 0.950099
0.665148 0.949209
0.665148 0.949209
0.665148 0.949209
0.665148 0.949209
0.892512 0.948636
0.892512 0.948636
0.892512 0.948636
0.0666678 0.950027
0.361297 0.95426
0.521412 0.952636
0.789498 0.95424
0.789498 0.95424
0.831203 0.953908
0.831203 0.953908
0.851828 0.95158
0.892108 0.953331
0.892108 0.953331
0.921345 0.950164
0.521714 0.956506
0.521714 0.956506
0.932958 0.956299
0.932958 0.956299
0.962228 0.954113
0.962228 0.954113
0.0664638 0.95975
0.0664638 0.95975
0.109933 0.957957
0.109933 0.957957
0.109933 0.957957
0.227033 0.958
0.227033 0.958
0.304102 0.955334
0.861564 0.9602
0.861564 0.9602
0.109072 0.962126
0.109072 0.962126
0.762717 0.960505
0.762717 0.960505
0.0683218 0.961433
0.141925 0.960456
0.141925 0.960456
0.393597 0.964391
0.393597 0.964391
0.393597 0.964391
0.521537 0.960708
0.521537 0.960708
0.960075 0.963587
0.630231 0.965264
0.630231 0.965264
0.630231 0.965264
0.663818 0.966038
0.663818 0.966038
0.724457 0.966829
0.724457 0.966829
0.110461 0.969026
0.110461 0.969026
0.110461 0.969026
0.190383 0.966418
0.228401 0.965082
0.228401 0.965082
0.893023 0.967143
0.893023 0.967143
0.893023 0.967143
0.0689111 0.972671
0.0689111 0.972671
0.0689111 0.972671
0.0689111 0.972671
0.263236 0.97516
0.263236 0.97516
0.263236 0.97516
0.691444 0.971227
0.691444 0.971227
0.725628 0.971012
0.725628 0.971012
0.859547 0.973808
0.859547 0.973808
0.893601 0.971386
0.893601 0.971386
0.961633 0.974677
0.961633 0.974677
0.140604 0.974535
0.140604 0.974535
0.190494 0.977188
0.190494 0.977188
0.431372 0.9782
0.431372 0.9782
0.475823 0.975165
0.475823 0.975165
0.785571 0.974049
0.785571 0.974049
0.630061 0.975973
0.630061 0.975973
0.785009 0.978374
0.785009 0.978374
0.894084 0.975988
0.691275 0.979074
0.589717 0.980855
0.589717 0.980855
0.628809 0.984956
0.628809 0.984956
0.263158 0.983216
0.263158 0.983216
0.553651 0.985264
0.553651 0.985264
0.665479 0.984516
0.665479 0.984516
0.665479 0.984516
0.690495 0.986166
0.785132 0.98459
0.785132 0.98459
0.83092 0.982724
0.861196 0.986814
0.861196 0.986814
0.861196 0.986814
0.961461 0.983656
0.142296 0.987306
0.142296 0.987306
0.142296 0.987306
0.330857 0.985814
0.332214 0.988751
0.332214 0.988751
0.430682 0.989098
0.430682 0.989098
0.554576 0.987876
0.554576 0.987876
0.554576 0.987876
0.362672 0.990822
0.362672 0.990822
0.476006 0.990978
0.476006 0.990978
0.520203 0.994949
0.520203 0.994949
0.520203 0.994949
0.725753 0.993071
0.860449 0.990399
0.860449 0.990399
0.189587 0.997611
0.189587 0.997611
0.629503 0.998334
0.629503 0.998334
0.665483 0.996054
0.665483 0.996054
